18 26 21 19 41 
24 50 43 27 6 
14 13 28 3 1 
12 16 20 21 6 
15 49 16 14 3 
40 36 1 0 38 
4 14 16 35 29 
8 11 19 47 15 
15 51 1 37 8 
0 36 16 40 22 
14 17 15 4 25 
1 38 22 6 47 
0 4 32 17 29 
34 49 50 7 5 
8 1 14 37 34 
4 36 18 23 28 
22 17 37 4 47 
0 9 42 10 5 
42 9 13 49 38 
16 4 12 34 24 
14 24 34 49 12 
27 30 39 41 9 
19 0 22 29 37 
39 5 8 42 23 
8 12 30 14 22 
9 28 41 32 29 
46 30 25 44 13 
14 48 6 33 22 
38 26 1 37 49 
26 49 0 4 42 
43 11 2 19 1 
40 50 21 24 42 
29 10 6 15 16 
40 1 30 27 24 
39 50 0 34 27 
5 37 4 19 49 
22 3 51 48 4 
35 1 11 40 6 
35 40 33 42 48 
35 51 6 37 38 
17 10 47 5 4 
7 6 40 5 13 
27 23 47 45 8 
3 10 19 34 45 
34 31 18 43 14 
23 51 30 35 12 
20 16 25 21 30 
38 14 11 46 17 
9 4 12 17 32 
26 10 19 39 18 
3 42 40 25 17 
25 20 11 51 15 
46 16 39 11 34 
42 16 38 0 23 
36 4 51 7 44 
5 19 17 42 51 
4 44 14 29 22 
18 38 41 35 36 
7 33 25 47 48 
3 17 4 7 8 
36 18 13 30 38 
6 49 30 31 47 
0 9 8 5 32 
0 16 21 10 33 
51 20 40 49 7 
27 19 44 28 36 
34 2 10 11 20 
1 41 42 21 38 
50 33 4 38 43 
11 43 19 28 9 
30 45 41 32 4 
23 32 25 4 27 
50 3 12 17 20 
9 32 10 0 20 
42 51 34 22 11 
12 44 15 10 34 
30 37 27 25 12 
9 17 15 35 39 
29 43 33 37 44 
26 46 39 30 21 
17 20 39 7 50 
1 43 49 11 28 
32 12 14 35 46 
31 44 35 29 41 
15 1 17 3 27 
12 14 25 11 6 
16 17 39 6 45 
25 3 6 34 19 
14 3 8 11 48 
12 40 26 4 34 
2 26 30 36 22 
20 35 38 32 23 
32 26 46 35 5 
28 1 43 7 51 
25 11 44 48 51 
6 49 14 2 37 
9 21 31 0 28 
36 19 35 14 34 
30 23 24 16 10 
1 26 30 41 11 
5 11 3 25 50 
26 47 9 40 48 
4 40 38 47 12 
47 27 20 33 34 
20 6 51 35 45 
26 32 1 24 8 
15 46 35 37 45 
13 24 14 16 41 
2 42 43 3 29 
29 41 20 6 30 
20 50 13 34 18 
34 51 29 20 45 
11 5 15 38 6 
7 17 21 32 1 
43 32 12 26 13 
4 47 42 39 29 
23 45 33 25 51 
17 15 12 22 39 
37 16 28 21 31 
30 29 32 37 38 
28 15 7 41 47 
1 46 40 7 48 
25 6 0 18 20 
18 0 19 45 33 
22 49 19 16 24 
12 6 9 28 35 
34 41 18 8 29 
30 35 6 43 17 
45 48 19 12 21 
2 10 24 13 46 
44 47 33 50 51 
39 7 38 48 44 
13 44 36 27 21 
20 40 10 44 17 
30 51 11 32 26 
23 50 41 30 37 
15 13 29 9 42 
21 7 42 23 6 
33 22 42 28 21 
36 43 37 45 26 
7 12 29 45 51 
22 40 9 39 51 
4 35 27 39 42 
10 19 14 22 30 
6 0 23 31 39 
31 34 51 42 32 
3 8 36 17 46 
38 29 34 50 33 
5 34 44 21 10 
35 2 27 29 38 
27 48 17 29 43 
29 18 17 22 36 
17 27 24 19 22 
20 39 12 28 25 
18 30 45 15 10 
37 13 40 50 35 
51 41 10 0 16 
2 35 22 8 30 
44 7 43 5 14 
37 28 0 18 25 
25 48 10 32 18 
13 38 30 11 17 
21 16 3 17 39 
7 49 2 10 20 
28 13 27 44 30 
5 9 15 51 44 
5 8 22 6 36 
20 14 48 43 23 
48 45 36 12 31 
1 19 50 36 46 
18 27 36 12 26 
2 18 16 28 51 
8 24 11 25 23 
2 1 10 12 21 
19 1 23 51 2 
10 35 5 50 18 
40 9 49 1 51 
26 23 37 1 27 
4 11 13 10 46 
25 48 38 8 37 
33 35 10 1 13 
12 27 13 38 49 
38 7 28 21 48 
38 15 45 7 1 
19 28 47 24 45 
30 23 25 43 51 
38 43 29 5 37 
18 36 20 38 31 
16 0 34 18 38 
23 45 16 33 42 
35 48 39 30 51 
12 0 3 10 16 
49 21 24 31 40 
14 21 8 36 4 
19 5 13 6 23 
18 29 8 25 45 
13 29 18 51 5 
47 35 4 3 36 
38 26 11 19 16 
49 30 0 11 42 
35 37 39 17 45 
29 35 19 38 10 
12 39 21 49 46 
44 23 8 1 10 
17 10 32 39 41 
43 50 35 33 32 
0 5 23 21 34 
21 40 45 46 11 
24 46 21 2 6 
5 49 36 26 20 
18 30 34 31 51 
46 25 36 6 9 
42 34 13 35 45 
39 19 14 11 49 
0 17 46 2 41 
21 50 16 36 28 
27 0 22 23 19 
40 24 51 28 19 
44 4 37 13 40 
17 3 50 30 6 
46 22 40 51 1 
30 48 29 36 5 
15 29 22 47 34 
1 23 9 5 0 
12 33 1 27 40 
6 49 47 11 17 
44 3 27 6 14 
2 9 33 36 27 
12 40 2 47 32 
28 10 51 47 23 
7 9 17 35 50 
5 42 15 44 38 
21 31 7 17 20 
32 7 40 1 34 
33 36 48 27 10 
27 14 1 6 15 
14 2 47 17 3 
15 11 32 26 30 
16 8 15 2 31 
37 41 13 18 15 
46 5 16 30 39 
7 45 28 0 31 
0 10 21 43 35 
41 47 13 44 35 
15 41 28 3 10 
7 26 22 3 47 
13 41 9 19 10 
39 2 6 44 34 
13 49 41 10 5 
18 30 12 25 20 
22 46 12 33 50 
23 35 30 17 27 
14 19 28 11 7 
41 34 33 10 17 
6 26 18 24 2 
46 31 36 24 20 
27 25 46 33 6 
0 13 26 20 23 
0 21 32 40 9 
26 13 47 6 34 
20 26 10 37 3 
8 40 31 19 18 
28 32 49 40 24 
41 28 10 35 29 
42 38 24 14 35 
9 26 28 14 11 
48 3 19 6 43 
29 46 7 30 41 
21 1 18 43 8 
21 4 49 30 46 
46 17 13 3 16 
17 45 42 47 6 
43 48 21 15 38 
7 25 40 45 33 
8 47 40 14 39 
9 19 7 45 11 
44 27 35 36 28 
22 4 0 47 39 
2 37 48 31 44 
18 40 28 26 4 
23 37 33 36 32 
50 9 42 41 16 
51 17 40 22 47 
0 9 37 48 6 
29 45 51 37 43 
13 26 41 27 42 
9 50 49 46 42 
23 42 1 13 41 
20 8 26 2 28 
13 8 38 24 37 
43 0 33 14 10 
26 25 40 45 12 
42 2 43 26 25 
48 17 5 2 23 
46 20 16 0 45 
5 19 43 51 3 
34 29 0 5 11 
12 42 47 9 34 
38 34 31 46 37 
41 18 37 26 3 
1 41 28 17 18 
6 36 38 0 21 
44 18 7 24 15 
22 25 45 7 28 
2 1 25 33 46 
25 3 51 14 28 
22 11 48 43 1 
37 7 16 1 13 
1 25 47 2 34 
9 3 47 28 6 
27 32 6 17 21 
33 26 20 11 39 
24 22 4 43 39 
21 29 28 30 47 
10 22 40 38 28 
49 26 2 21 28 
40 8 26 16 10 
25 46 15 31 37 
8 10 40 50 28 
12 19 46 20 23 
11 19 40 4 36 
21 1 42 2 50 
3 8 37 21 12 
19 4 11 2 48 
49 47 27 30 31 
31 21 46 3 30 
18 47 44 17 11 
18 29 14 43 40 
22 7 38 12 8 
32 23 41 33 42 
35 23 16 20 7 
1 21 29 27 48 
25 26 18 36 10 
3 29 15 37 39 
8 3 38 15 30 
34 26 35 15 29 
14 25 41 15 19 
47 7 32 45 1 
4 26 28 21 39 
10 24 14 22 3 
39 36 45 43 10 
14 41 40 28 45 
13 17 28 36 49 
45 2 36 5 39 
12 4 31 44 50 
43 50 15 46 31 
27 46 7 26 9 
31 13 30 24 36 
38 2 8 9 21 
42 4 44 43 9 
4 42 15 24 19 
17 43 16 42 49 
48 35 45 42 32 
17 11 18 14 9 
7 22 20 47 12 
5 31 11 23 14 
26 2 49 46 48 
41 14 2 39 27 
3 25 16 13 36 
25 38 43 20 2 
7 10 39 16 40 
2 3 6 40 43 
41 4 47 22 31 
1 41 30 34 39 
37 11 33 26 32 
43 9 4 20 23 
13 15 2 3 9 
35 11 50 20 3 
42 51 1 33 14 
41 38 33 49 19 
51 8 13 32 21 
48 25 21 32 50 
8 2 7 44 20 
51 24 43 44 47 
27 15 47 42 2 
44 17 41 35 34 
22 14 10 36 35 
40 10 5 44 49 
5 36 25 41 34 
38 47 15 48 24 
16 11 42 39 12 
41 51 22 35 21 
51 28 35 44 36 
35 2 28 0 46 
45 10 47 23 2 
14 13 42 26 28 
50 46 47 29 51 
0 4 35 8 33 
39 6 5 14 10 
7 28 36 22 30 
20 24 37 6 14 
48 13 32 40 50 
46 42 47 26 23 
9 15 42 21 36 
19 21 6 36 31 
48 38 46 6 18 
50 7 4 24 28 
1 2 16 8 48 
2 40 11 32 45 
40 12 4 9 14 
44 13 41 30 0 
51 12 7 20 4 
48 42 17 26 19 
48 47 43 3 25 
18 6 42 30 16 
7 45 47 42 6 
46 5 34 42 24 
22 20 31 1 5 
26 27 22 10 32 
30 51 45 7 33 
48 14 50 36 51 
4 15 39 28 18 
49 24 32 25 28 
17 21 48 26 24 
35 46 17 29 16 
20 45 32 34 14 
0 17 25 19 34 
14 20 24 27 11 
28 45 34 35 22 
20 38 14 33 13 
1 2 19 9 24 
25 29 5 39 8 
14 40 31 13 39 
24 7 1 30 11 
6 9 35 23 25 
9 40 10 5 44 
30 42 8 21 31 
15 47 40 38 0 
49 3 6 23 30 
41 46 42 18 50 
19 4 31 24 37 
47 36 21 17 28 
47 33 15 29 21 
39 20 2 45 24 
45 3 26 34 50 
25 33 11 13 16 
51 26 35 50 43 
38 10 35 0 49 
7 10 2 21 43 
11 44 9 13 50 
23 6 37 2 11 
51 22 42 5 46 
34 24 46 21 13 
21 14 40 51 12 
10 38 11 40 34 
27 48 45 34 17 
32 36 50 37 51 
25 13 48 33 27 
29 8 7 1 26 
36 22 16 26 34 
20 14 41 29 46 
51 35 1 7 18 
48 29 12 24 37 
20 6 46 8 19 
10 47 39 37 17 
3 15 48 23 26 
9 33 35 6 8 
34 37 38 13 44 
43 29 32 44 10 
8 46 27 11 9 
37 9 46 29 2 
24 5 33 28 6 
30 40 48 47 5 
21 38 7 31 33 
24 36 44 10 9 
34 21 1 2 24 
49 13 11 28 22 
13 44 43 3 39 
44 12 5 21 0 
46 2 25 15 4 
13 2 42 30 40 
0 43 26 28 49 
16 22 40 49 26 
6 31 0 15 11 
28 12 24 46 31 
44 23 22 2 36 
8 14 3 0 50 
0 18 43 14 40 
30 28 13 6 20 
20 3 1 11 25 
41 40 39 4 21 
39 27 4 2 36 
48 44 51 32 31 
44 23 13 38 47 
18 42 41 1 26 
46 41 22 49 37 
2 42 18 16 5 
15 9 0 24 19 
30 25 27 7 1 
41 9 11 4 30 
42 3 0 39 6 
12 29 11 43 48 
46 45 38 20 16 
22 27 51 42 38 
1 43 10 5 51 
3 29 34 15 49 
9 1 35 48 45 
45 31 46 19 28 
34 38 49 5 45 
9 10 30 7 48 
13 7 15 34 49 
41 45 7 23 51 
9 6 29 39 14 
1 45 29 38 49 
36 50 20 23 12 
42 16 36 3 35 
1 10 41 33 24 
24 20 28 14 35 
28 16 27 41 39 
13 50 36 16 41 
31 20 49 46 26 
11 9 13 20 32 
2 8 10 24 49 
20 12 50 48 40 
1 37 28 7 44 
48 16 41 17 42 
33 3 30 19 48 
44 39 21 1 22 
41 23 13 47 46 
11 31 19 32 13 
46 9 30 35 43 
37 6 16 19 9 
19 45 14 27 25 
6 12 16 3 29 
51 50 26 40 17 
51 5 10 46 7 
27 23 11 12 20 
8 27 25 30 48 
25 37 51 28 43 
17 36 27 39 25 
34 18 8 12 2 
15 21 4 1 17 
4 47 17 40 21 
9 15 32 30 50 
10 29 36 1 32 
35 46 4 39 31 
16 17 28 25 45 
10 51 2 31 7 
14 35 32 39 44 
17 10 37 26 11 
9 28 0 51 14 
15 1 50 37 49 
14 41 3 45 20 
14 12 32 7 18 
17 18 6 34 35 
41 21 2 37 9 
19 4 1 47 43 
21 10 2 41 26 
35 10 27 50 49 
7 40 41 5 35 
28 37 47 27 44 
37 26 19 6 41 
3 1 39 42 26 
8 43 18 26 6 
22 21 7 34 23 
47 43 27 24 20 
0 44 46 12 29 
42 18 31 36 8 
25 28 16 19 24 
12 41 36 2 37 
48 37 14 42 10 
23 41 49 19 10 
35 5 17 13 38 
36 1 51 26 47 
26 35 11 36 23 
50 40 7 12 34 
6 24 43 4 42 
25 20 17 26 27 
33 35 9 16 49 
13 10 16 34 25 
32 28 1 41 5 
30 1 4 22 33 
47 11 31 24 21 
34 15 31 18 43 
10 4 33 0 40 
23 24 50 51 46 
35 28 12 46 38 
17 40 2 38 27 
14 20 6 34 29 
18 4 26 42 16 
16 11 12 17 26 
22 32 15 7 39 
14 24 47 51 40 
30 6 43 25 20 
15 28 9 39 20 
39 40 25 22 19 
10 43 22 6 33 
1 31 7 12 20 
35 37 47 51 17 
46 7 8 41 24 
1 40 3 11 50 
43 8 30 18 2 
48 13 10 12 22 
45 34 23 18 49 
30 21 12 42 37 
29 43 14 49 30 
2 51 23 42 9 
26 24 6 40 18 
39 49 21 23 27 
21 32 14 27 5 
17 31 12 28 51 
18 25 32 36 12 
44 37 25 19 34 
13 1 4 28 33 
6 22 18 17 31 
1 51 27 15 0 
40 15 49 32 1 
31 48 34 22 41 
9 26 49 47 50 
32 20 40 38 45 
5 20 32 34 10 
29 12 20 21 42 
21 42 34 2 16 
4 44 13 34 33 
9 12 23 33 29 
31 25 48 2 10 
0 41 21 17 46 
37 27 33 3 32 
24 21 51 23 14 
42 49 12 26 22 
47 11 36 38 20 
32 43 27 28 31 
10 13 33 1 27 
36 44 7 32 24 
49 38 41 34 11 
40 36 26 18 24 
15 18 12 25 19 
46 47 24 20 44 
18 19 24 48 15 
26 29 20 47 7 
25 18 26 15 4 
32 5 37 47 44 
3 0 41 10 46 
28 7 14 1 44 
11 19 1 44 39 
38 36 39 25 17 
5 16 24 39 7 
6 17 51 19 3 
17 44 34 2 41 
7 44 43 29 15 
40 46 37 33 10 
1 2 41 28 10 
16 6 15 38 42 
22 12 26 1 44 
36 32 3 33 50 
37 45 0 43 8 
43 0 18 9 46 
36 49 19 33 6 
20 44 3 4 23 
21 36 44 2 14 
19 49 35 45 9 
28 30 42 35 39 
34 51 24 45 50 
20 31 27 18 17 
13 2 36 42 48 
15 22 47 48 12 
32 18 35 42 15 
43 19 24 46 50 
40 1 31 47 34 
34 22 38 50 16 
0 48 9 19 33 
15 4 42 32 33 
26 47 6 51 4 
18 35 32 33 28 
39 43 34 18 10 
38 33 2 7 47 
31 42 32 10 33 
31 36 26 25 44 
16 49 13 11 28 
29 20 16 37 49 
23 29 28 30 37 
43 10 47 34 46 
3 5 35 7 2 
26 0 14 19 9 
46 49 39 48 16 
22 0 12 5 34 
32 34 6 3 47 
35 48 21 31 50 
24 18 20 43 34 
31 49 43 46 30 
28 19 12 10 23 
5 29 38 49 51 
7 1 11 3 26 
36 50 15 48 40 
2 20 30 22 15 
32 18 40 1 39 
24 17 42 49 26 
14 44 50 35 46 
11 3 41 50 4 
8 3 48 29 51 
17 38 45 4 36 
40 49 21 44 0 
36 38 47 10 12 
17 31 45 9 1 
0 13 16 28 50 
15 46 11 26 51 
44 1 42 30 15 
12 13 32 4 6 
7 16 42 13 41 
49 27 19 7 1 
34 43 21 0 28 
17 41 34 38 9 
29 16 10 17 43 
28 35 20 17 22 
27 13 36 1 35 
46 45 47 6 20 
51 49 43 37 0 
5 31 39 42 18 
15 48 17 35 38 
48 43 7 40 35 
33 47 42 46 35 
34 0 42 17 2 
31 27 24 20 5 
10 38 26 14 46 
21 12 37 28 24 
49 43 0 38 11 
42 3 51 34 44 
8 24 23 49 22 
1 6 14 42 41 
20 43 15 41 25 
9 7 35 2 51 
48 14 15 36 45 
3 28 37 9 17 
10 16 23 7 48 
22 10 6 23 40 
13 18 20 51 41 
24 49 39 27 33 
37 22 43 48 39 
34 51 38 33 13 
8 1 28 12 24 
26 18 3 30 38 
39 48 1 37 6 
41 37 0 25 43 
25 43 45 5 24 
43 36 26 21 42 
18 41 6 21 8 
12 6 25 32 47 
22 33 11 4 9 
51 18 1 12 39 
40 37 48 49 13 
13 10 45 49 0 
33 42 3 25 22 
9 5 41 49 33 
48 43 4 45 40 
28 33 21 38 2 
7 16 47 28 32 
9 18 32 31 17 
50 13 31 14 27 
31 27 40 6 24 
35 47 48 25 6 
45 23 5 17 51 
3 32 37 20 39 
45 51 24 35 30 
3 20 38 14 27 
12 2 6 17 37 
22 37 23 34 43 
10 46 27 47 1 
16 37 8 15 21 
51 32 13 36 21 
48 42 51 9 30 
46 19 29 0 33 
28 44 8 29 34 
44 7 21 2 49 
28 40 14 13 47 
42 49 32 1 17 
30 48 36 39 21 
6 33 7 46 0 
43 10 1 4 15 
5 49 19 7 40 
34 50 31 22 42 
50 40 49 13 26 
21 29 13 1 7 
43 31 13 27 11 
40 9 50 16 22 
30 9 36 51 49 
18 22 46 7 19 
1 2 17 34 14 
17 12 7 23 6 
9 5 21 29 13 
37 10 13 46 19 
43 37 5 33 45 
33 20 23 10 5 
5 11 10 15 0 
49 22 34 17 9 
45 13 30 9 48 
10 38 40 35 17 
2 8 28 20 40 
38 36 31 37 30 
2 48 24 37 41 
18 24 36 9 33 
9 32 24 40 3 
49 23 5 1 3 
20 38 50 3 45 
14 50 47 48 21 
15 32 6 29 34 
10 51 8 2 35 
25 22 47 50 5 
13 5 25 31 30 
23 11 34 19 10 
9 21 28 36 26 
34 36 11 49 46 
6 41 39 32 40 
27 43 35 40 0 
12 1 20 46 39 
1 45 17 4 0 
21 8 46 24 20 
19 25 12 34 18 
50 39 4 23 9 
28 46 39 42 21 
32 50 34 29 31 
7 6 35 19 48 
51 46 25 35 11 
14 3 6 12 13 
17 42 9 24 7 
16 11 12 23 7 
24 50 6 32 30 
20 21 12 8 1 
28 27 47 39 30 
32 10 14 46 18 
41 21 8 31 26 
17 46 37 30 41 
30 14 8 2 45 
46 24 25 38 44 
17 51 25 14 37 
11 38 16 26 12 
1 0 41 24 32 
18 5 12 31 7 
27 26 3 4 2 
48 26 8 49 22 
48 9 5 16 7 
32 42 51 6 1 
17 37 2 49 14 
29 39 17 26 42 
6 9 27 47 11 
13 42 49 5 8 
0 3 40 28 33 
1 51 8 20 30 
1 15 35 34 46 
21 26 31 19 11 
45 42 17 41 36 
2 19 10 48 32 
41 0 46 33 10 
17 50 38 49 24 
22 31 23 16 24 
37 11 8 39 35 
7 37 31 10 22 
9 46 13 7 44 
38 2 40 43 41 
21 37 9 18 17 
38 35 45 37 21 
35 10 12 19 37 
20 7 18 51 29 
40 11 34 6 0 
19 1 30 21 9 
17 28 36 13 39 
4 19 29 26 37 
1 42 49 27 20 
42 37 14 16 12 
8 21 9 50 14 
49 26 45 19 47 
47 8 24 41 2 
7 14 24 26 20 
51 39 18 20 3 
26 44 34 6 47 
36 19 33 1 46 
23 13 7 35 15 
2 41 9 0 36 
9 36 1 40 26 
27 11 28 24 2 
45 16 39 35 25 
2 45 37 34 5 
28 44 49 39 19 
2 15 40 24 22 
42 3 27 6 51 
42 7 0 31 40 
27 36 44 10 9 
23 29 8 30 7 
49 16 40 9 26 
16 35 24 17 45 
43 2 37 21 16 
14 0 48 17 47 
42 33 13 34 48 
17 46 14 50 4 
48 23 49 46 51 
39 23 1 37 9 
40 8 39 43 6 
19 36 28 51 46 
11 18 2 3 36 
22 50 37 36 30 
35 38 42 7 28 
48 6 49 45 1 
3 11 12 46 6 
19 20 24 41 4 
16 47 31 28 51 
28 50 31 8 16 
9 14 17 43 10 
47 30 12 28 51 
20 50 33 35 27 
18 46 45 7 23 
23 43 7 33 8 
32 18 19 8 17 
45 11 20 47 37 
28 19 27 24 9 
21 51 47 19 42 
3 46 29 27 42 
4 11 1 32 24 
17 40 35 32 23 
45 36 39 20 12 
17 11 43 13 35 
6 15 32 45 11 
1 6 51 21 33 
36 5 44 1 49 
27 48 3 49 38 
10 34 3 15 32 
28 21 11 16 3 
18 21 29 8 42 
29 3 50 51 1 
9 43 36 8 46 
49 12 50 34 40 
37 16 35 32 0 
45 7 24 12 19 
29 27 24 25 23 
48 42 11 2 43 
37 2 25 33 4 
28 44 37 18 1 
44 18 2 49 47 
6 9 8 24 12 
12 16 33 42 9 
16 22 43 15 23 
2 26 0 31 24 
25 29 11 49 40 
36 35 16 20 34 
8 3 14 34 36 
34 31 2 28 32 
45 40 16 26 13 
14 20 22 28 46 
3 35 0 42 27 
47 12 49 13 25 
25 43 22 50 16 
25 48 26 21 8 
48 37 47 46 17 
44 11 6 9 29 
2 22 23 32 31 
42 33 1 22 34 
51 48 18 27 11 
25 40 12 33 29 
46 40 50 9 7 
32 26 30 41 18 
41 48 39 30 0 
37 33 24 1 45 
3 20 36 5 22 
26 5 43 17 40 
40 32 45 34 46 
39 1 4 32 33 
44 10 51 50 34 
43 51 26 40 36 
32 33 38 39 8 
14 49 1 12 34 
17 10 38 19 7 
25 7 21 43 42 
25 0 17 21 23 
50 23 29 22 20 
51 23 41 28 19 
47 45 46 37 38 
39 34 7 21 19 
31 51 32 0 29 
49 10 33 20 25 
31 39 4 29 19 
42 8 38 30 1 
45 36 31 16 1 
28 8 25 16 12 
12 26 17 2 32 
20 13 21 47 18 
51 46 45 15 24 
0 8 17 48 41 
23 44 51 1 6 
10 17 21 36 35 
1 7 6 29 45 
28 5 48 44 37 
25 6 48 39 30 
13 9 36 31 5 
4 18 22 23 15 
48 13 32 41 16 
48 9 27 34 33 
47 33 8 44 39 
17 40 26 37 51 
17 48 22 31 28 
43 0 41 14 12 
30 27 41 16 13 
32 2 34 10 37 
4 50 10 47 2 
25 5 38 40 45 
51 23 8 19 7 
4 7 34 9 49 
14 11 22 43 33 
22 0 46 41 42 
18 44 19 10 17 
25 40 8 28 31 
12 43 14 4 24 
48 16 14 26 46 

